1.1
1.2
1.3.1
1.3.2
10.1
10.10
10.2
10.3
10.4
10.5
10.6
10.7
10.8
10.9
11.1
11.2
11.3
12.1
12.2
12.3
12.4
13.1
13.2
13.3
13.4
13.5
14.1
14.2
14.3
14.4
14.5
14.6
14.7
15.1
15.2
15.3
15.4
15.5
15.6
15.7
15.8
15.9
16.1
16.2
16.3
16.4
16.5
17.1
17.2
18.1
18.2
18.3
18.4
18.5.1
18.5.2
19.1
19.10.1
19.10.2
19.11
19.2.1
19.2.2
19.3
19.4.1
19.4.2
19.5
19.6
19.7
19.8
19.9
2.1
2.2
2.3
21.1.1
21.1.2
21.2
21.3
22.1
22.2
23.1.1
23.1.2
23.2
23.3
23.4
23.5
23.6
24.1
24.2
24.3
24.4
24.5
25.1.1
25.1.2
25.2
25.3
25.4
26.1
26.2
26.3
26.4
26.5
27.1.1
27.1.2
27.2
27.3
27.4
27.5.1
27.5.2
27.5.3
28.1.1
28.1.2
28.2
28.3
28.4
28.5.1
28.5.2
29.1
29.2
29.3
29.4
29.5.1
29.5.2
3.1
3.2
3.3
30.1
30.2.1
30.2.2
30.3
30.4
31.1
31.2
31.3
31.4
31.5
32.1
32.2
32.3
32.4
32.5
33.1
33.2
34.1
35.1
35.2
35.3
35.4
4.1
4.2
4.3
5.1
5.2
5.3
5.4.1
5.4.2
6.1
6.10
6.11.1
6.11.2
6.12.1
6.12.2
6.2
6.3
6.4
6.5
6.6
6.7
6.8
6.9
7.1
7.2
7.3
8.1
8.10
8.2
8.3
8.4.1
8.4.2
8.5
8.6
8.7
8.8
8.9
9.1
9.2
9.3
